<<<<<<< HEAD
0,0,0,0,0,0,0,0,0,1,2,2,5,0,1,1,2,3,3,4,5,6,0,1,0,1,2,2,3,4,5,6,7,7,8,8,0,1,1,2,3,6,7,12,13,14,15,1,1,2,2,3,4,4,5,6,7,8,9,11,11,11,11,11,12,12,13,14,15,15,15,5,6,6,6,7,7,7,7,8,9,9,10,10,11,12,13,13,13,13,14,31,34,34,35,35,35,35,36,38,39,40,41,41,41,11,43,45,45,45,46,47,48,49,52,53,56,58,59,60,61,62,64,65,65,66,67,25,26,70,72,73,74,74,74,75,76,77,78,79,80
=======
<<<<<<< HEAD
0,0,0,0,0,0,0,0,0,1,2,2,5,0,1,1,2,3,3,4,5,6,0,1,0,1,2,2,3,4,5,6,7,7,8,8,0,1,1,2,3,3,4,5,6,6,7,8,8,9,9,10,11,12,13
=======
0,0,0,0,0,0,0,0,0,1,2,2,5,0,1,1,2,3,3,4,5,6,0,1,0,1,2,2,3,4,5,6,7,7,8,8,0,1,1,2,3,6,7,12,13,14,15,1,1,2,2,3,4,4,5,6,7,8,9,11,11,11,11,11,12,12,13,14,15,15,15,5,6,6,6,7,7,7,7,8,9,9,10,10,11,12,13,13,13,13,14,31,34,34,35,35,35,35,36,38,39,40,41,41,41,11,43,45,45,45,46,47,48,49,52,53,56,58,59,60,61,62,64,65,65,66,67,25,26,70,72,73,74,74,74,75,76,77,78,79,80
>>>>>>> venkatesh_sam
,80,80,80,81,82,83
>>>>>>> 9ef52597272df7a40ff33932499b607397060e5b
,83,84,85,86,86,87,88,88,88,89,90,89,91,91,91,91,92,93,94,94,94,95,95,95,95,96,97,97,97,98,98,98,98,100,100,101,101,101,101,102,102,102,102,103,104,104,104,104,105,105,106,106,106,107,109,110,110,111,111,111,111,111,111,113,113,113,113,113,113,113,113,113,113,113,114,114,114,115,115,115,115,115,115,115,115,116,118,120,121,121,122,124,124,124,124,125,125,126,127,128,130,131,132,126,123,132,133,134,135,135,136,137,141,144,145,146,147,148,151,151,151,152,155,155,155,155,156,156,156,158,159,160,152,160,160,160,152,160,160,160,160,160,160,160,160,160,160,160,160,154,160,160,160,160,154,152,154,160,160,160,160,152,152,157,152,157,157,152,160,160,160,160,160,153,152,161,161,161,162,163,164,165,166,168,169,169,169,169,179,180